f0CO       0 0 0 0 0 0     1.20754430          
f1CO       1 0 0 0 0 0     1.62744135E-02      
f2CO       2 0 0 0 0 0     5.92119950E-03      
f3CO       3 0 0 0 0 0    -4.12485709E-03      
f4CO       4 0 0 0 0 0     4.94739899E-03      
f0CH       0 0 0 0 0 0     1.10221709          
f1CH       0 1 0 0 0 0     2.08797432E-02      
f2CH       0 2 0 0 0 0     7.91060546E-03      
f3CH       0 3 0 0 0 0     3.41265619E-03      
f4CH       0 4 0 0 0 0     0.0                 
f0HCO      0 0 0 0 0 0     2.123948763         
f1HCO      0 0 0 1 0 0    -1.03629709E-01      
f2HCO      0 0 0 2 0 0    -6.63007811E-03      
f3HCO      0 0 0 3 0 0     0.0                 
f4HCO      0 0 0 4 0 0     0.0                 
f_0_1      1 0 0 0 0 0     0.24567008829125E+04
f_0_2      0 0 0 1 0 0     0.15553311510760E+01
f_1_1      0 0 0 0 0 1     0.13186599387209E+05
f_2_1      0 0 0 0 0 2     0.51120571979011E+04
f_3_1      0 0 0 0 0 3    -0.74789021644976E+03
f_4_1      0 0 0 0 0 4     0.44950425119273E+04
f_5_1      0 0 0 2 0 0     0.30679045180104E+05
f_6_1      0 0 0 1 1 0     0.20205919045452E+05
f_7_1      1 0 0 1 0 0     0.31078935581033E+05
f_8_1      2 0 0 0 0 0     0.33335791424635E+06
f_9_1      0 1 0 1 0 0     0.48494583585410E+03
f_10_1     0 1 0 0 1 0    -0.76389864268667E+04
f_11_1     1 1 0 0 0 0     0.41572101580045E+05
f_12_1     0 2 0 0 0 0     0.12417418295148E+06
f_13_1     0 1 1 0 0 0     0.37098209693443E+04
f_14_1     0 0 0 3 0 0     0.11955733464628E+04
f_15_1     0 0 0 2 1 0     0.21542350211267E+05
f_16_1     1 0 0 2 0 0    -0.28896642841591E+05
f_17_1     1 0 0 1 1 0     0.15933516837669E+05
f_18_1     2 0 0 1 0 0    -0.36101918809551E+05
f_19_1     3 0 0 0 0 0    -0.45713634260943E+06
f_20_1     0 1 0 2 0 0    -0.12850801121474E+05
f_21_1     0 1 0 1 1 0    -0.13385590807562E+05
f_22_1     0 1 0 0 2 0    -0.48082199592944E+04
f_23_1     1 1 0 1 0 0     0.29375383893740E+05
f_24_1     1 1 0 0 1 0     0.95988624240341E+05
f_25_1     2 1 0 0 0 0     0.28767774777197E+05
f_26_1     0 2 0 1 0 0     0.43888786872078E+04
f_27_2     0 0 2 1 0 0    -0.21876388971459E+05
f_28_2     1 0 2 0 0 0    -0.21868701499004E+05
f_29_1     0 3 0 0 0 0    -0.12387393018460E+06
f_30_1     0 1 1 1 0 0     0.60488370529737E+05
f_31_1     1 1 1 0 0 0     0.12117563121234E+05
f_32_1     0 2 1 0 0 0     0.13701184815566E+05
f_33_1     0 0 0 4 0 0     0.35343519379888E+03
f_34_1     0 0 0 3 1 0     0.37275685121664E+04
f_35_1     0 0 0 2 2 0     0.11224659156072E+05
f_36_1     1 0 0 3 0 0     0.12358855747942E+05
f_37_1     1 0 0 2 1 0    -0.41790066350475E+05
f_38_1     2 0 0 2 0 0     0.58230441180554E+04
f_39_1     2 0 0 1 1 0    -0.68819616420783E+04
f_40_1     3 0 0 1 0 0    -0.20579020604897E+06
f_41_1     4 0 0 0 0 0     0.21366354504066E+06
f_42_1     0 1 0 3 0 0     0.54432751161695E+04
f_43_1     0 1 0 2 1 0    -0.95499632102079E+05
f_44_1     0 1 0 1 2 0    -0.17174882546825E+05
f_45_1     0 1 0 0 3 0     0.64606918330869E+05
f_46_1     1 1 0 2 0 0     0.77096690119443E+05
f_47_1     1 1 0 0 2 0     0.18615897708677E+06
f_48_1     2 1 0 1 0 0     0.21776256473240E+06
f_49_1     3 1 0 0 0 0    -0.96027574253077E+06
f_50_1     0 2 0 2 0 0     0.12173439461794E+05
f_51_1     0 2 0 1 1 0     0.51480792624517E+03
f_52_1     0 2 0 0 2 0    -0.22939900407606E+05
f_53_1     1 2 0 1 0 0    -0.13780916463570E+06
f_54_1     2 2 0 0 0 0    -0.14046912813151E+06
f_55_1     0 3 0 1 0 0    -0.64160233871952E+05
f_56_1     0 3 0 0 1 0     0.20917469666047E+05
f_57_1     1 3 0 0 0 0    -0.57319786193043E+05
f_58_1     0 4 0 0 0 0     0.22286889359128E+05
f_59_1     0 1 1 2 0 0     0.26367127908558E+05
f_60_1     0 1 1 1 1 0     0.11121994020079E+06
f_61_1     1 1 1 1 0 0     0.45983189864024E+06
f_62_1     2 1 1 0 0 0     0.94518133485709E+05
f_63_1     0 2 1 1 0 0    -0.63236962744159E+05
f_64_1     0 2 1 0 1 0    -0.85797113684513E+05
f_65_1     1 2 1 0 0 0    -0.28456892947067E+06
f_66_1     0 3 1 0 0 0    -0.42094085989489E+05
f_67_1     0 5 0 0 0 0     0.77982433797306E+05
f_68_1     5 0 0 0 0 0    -0.67703860292580E+05
f_69_1     0 0 0 5 0 0    -0.40263946666897E+04
f_70_1     0 0 0 3 2 0    -0.41418386532816E+05
f_71_1     0 0 0 4 1 0    -0.47974833419733E+04
f_72_1     0 0 0 5 1 0    -0.17708788819713E+05
f_73_1     0 0 0 2 0 1    -0.36360135485485E+04
f_74_1     0 0 0 1 1 1    -0.35389177756013E+04
f_75_1     1 0 0 1 0 1    -0.15252963237020E+05
f_76_1     2 0 0 0 0 1    -0.63951302087623E+05
f_77_1     0 1 0 1 0 1    -0.21385791937848E+04
f_78_1     0 1 0 0 1 1     0.31990507439634E+05
f_79_1     1 1 0 0 0 1    -0.13901301627252E+05
f_80_1     0 2 0 0 0 1    -0.24225258910867E+05
f_81_1     0 1 1 0 0 1     0.19787566256501E+05
f_82_1     0 0 0 3 0 1    -0.21721752736954E+05
f_83_1     0 0 0 2 1 1    -0.12579510269639E+05
f_84_1     2 0 0 1 0 1     0.30678032088186E+05
f_85_1     3 0 0 0 0 1    -0.17192278648811E+06
f_86_1     0 1 0 2 0 1     0.19946923203868E+05
f_87_1     0 1 0 1 1 1     0.10021494655921E+05
f_88_1     0 3 0 0 0 1     0.42597963491363E+04
f_89_1     0 0 0 4 0 1    -0.20332832347899E+05
f_90_1     0 0 0 3 1 1     0.80126631523028E+03
f_91_1     1 0 0 2 1 1     0.19899623702685E+05
f_92_1     0 1 0 3 0 1    -0.47453132726241E+05
f_93_1     0 1 0 0 3 1    -0.44007717181270E+06
f_94_1     5 0 0 0 0 1     0.60316094796417E+06
f_95_1     0 0 0 6 0 1    -0.83199729893669E+04
f_96_1     0 0 0 2 0 2    -0.11161272243206E+05
f_97_1     0 0 0 1 1 2     0.79451837823471E+04
f_98_1     1 0 0 1 0 2     0.19026451972885E+05
f_99_1     2 0 0 0 0 2    -0.50270932664637E+03
f_100_1    0 1 0 1 0 2     0.32301275628634E+05
f_101_1    0 2 0 0 0 2    -0.86941435777133E+03
f_102_1    0 1 1 0 0 2    -0.18248603699815E+05
f_103_1    0 1 0 1 1 2    -0.54257681322310E+05
f_104_1    0 1 0 0 2 2     0.92022352726839E+05
f_105_1    0 0 0 2 2 2     0.23250428001081E+04
f_106_1    2 0 0 1 1 2     0.31144855257018E+06
f_107_1    4 0 0 0 0 2     0.72517784853771E+06
f_108_1    0 1 0 0 3 2     0.66432082628965E+06
f_109_1    0 2 0 1 1 2    -0.94394393803952E+06
f_110_1    0 0 0 5 0 2    -0.25143241256811E+05
