f0CO       0 0 0 0 0 0      1.207585      
f1CO       1 0 0 0 0 0      1.62744135E-02
f2CO       2 0 0 0 0 0      5.92119950E-03
f3CO       3 0 0 0 0 0     -4.12485709E-03
f4CO       4 0 0 0 0 0      4.94739899E-03
f0CH       0 0 0 0 0 0      1.102232      
f1CH       0 1 0 0 0 0      2.08797432E-02
f2CH       0 2 0 0 0 0      7.91060546E-03
f3CH       0 3 0 0 0 0      3.41265619E-03
f4CH       0 4 0 0 0 0      0.0           
f0HCO      0 0 0 0 0 0      2.123823098911
f1HCO      0 0 0 1 0 0     -1.03629709E-01
f2HCO      0 0 0 2 0 0     -6.63007811E-03
f3HCO      0 0 0 3 0 0      0.0           
f4HCO      0 0 0 4 0 0      0.0           
f_0_1      1 0 0 0 0 0      0.000000000000
f_0_2      0 0 0 1 0 0      0.000000000000
f_1_1      0 0 0 0 0 1      1.32313113E+04
f_2_1      0 0 0 0 0 2      4.63588059E+03
f_3_1      0 0 0 0 0 3      1.52279662E+03
f_4_1      0 0 0 0 0 4      8.71157359E+02
f_5_1      0 0 0 2 0 0      3.12075910E+04
f_6_1      0 0 0 1 1 0      2.11304040E+04
f_7_1      1 0 0 1 0 0      2.33499312E+04
f_8_1      2 0 0 0 0 0      3.27182006E+05
f_9_1      0 1 0 1 0 0     -2.64278116E+03
f_10_1     0 1 0 0 1 0     -8.05188114E+03
f_11_1     1 1 0 0 0 0      2.69357543E+04
f_12_1     0 2 0 0 0 0      1.22610012E+05
f_13_1     0 1 1 0 0 0      3.90697372E+03
f_14_1     0 0 0 3 0 0     -1.90163400E+03
f_15_1     0 0 0 2 1 0      1.60485440E+04
f_16_1     1 0 0 2 0 0     -3.27741193E+04
f_17_1     1 0 0 1 1 0     -2.37438208E+02
f_18_1     2 0 0 1 0 0     -1.34777350E+04
f_19_1     3 0 0 0 0 0     -4.06097314E+05
f_20_1     0 1 0 2 0 0     -8.66982867E+03
f_21_1     0 1 0 1 1 0     -8.91548551E+03
f_22_1     0 1 0 0 2 0     -8.78916219E+03
f_23_1     1 1 0 1 0 0     -2.26422419E+04
f_24_1     1 1 0 0 1 0      7.96309982E+03
f_25_1     2 1 0 0 0 0     -4.13610944E+04
f_26_1     0 2 0 1 0 0     -2.36549530E+03
f_27_2     0 0 2 1 0 0     -7.59752101E+03
f_28_2     1 0 2 0 0 0      2.94840441E+04
f_29_1     0 3 0 0 0 0     -1.21086145E+05
f_30_1     0 1 1 1 0 0      1.87757194E+04
f_31_1     1 1 1 0 0 0     -1.71387394E+04
f_32_1     0 2 1 0 0 0      1.67652414E+03
f_33_1     0 0 0 4 0 0      1.28349268E+03
f_34_1     0 0 0 3 1 0      3.82830949E+03
f_35_1     0 0 0 2 2 0      1.17186079E+04
f_36_1     1 0 0 3 0 0      1.10388952E+04
f_37_1     1 0 0 2 1 0     -7.74316704E+03
f_38_1     2 0 0 2 0 0      5.34084657E+03
f_39_1     2 0 0 1 1 0      1.11539963E+04
f_40_1     3 0 0 1 0 0     -8.91920005E+03
f_41_1     4 0 0 0 0 0      2.33474872E+05
f_42_1     0 1 0 3 0 0      2.50934288E+03
f_43_1     0 1 0 2 1 0     -2.83488119E+03
f_44_1     0 1 0 1 2 0     -4.53652907E+03
f_45_1     0 1 0 0 3 0     -1.49799102E+03
f_46_1     1 1 0 2 0 0      1.49626137E+04
f_47_1     1 1 0 0 2 0      1.91321200E+04
f_48_1     2 1 0 1 0 0      3.88832446E+04
f_49_1     3 1 0 0 0 0      1.13724172E+04
f_50_1     0 2 0 2 0 0     -1.40429211E+04
f_51_1     0 2 0 1 1 0     -1.33310744E+04
f_52_1     0 2 0 0 2 0     -1.23046228E+04
f_53_1     1 2 0 1 0 0     -1.82230535E+04
f_54_1     2 2 0 0 0 0     -2.03188126E+04
f_55_1     0 3 0 1 0 0      3.49685029E+02
f_56_1     0 3 0 0 1 0      4.36772557E+03
f_57_1     1 3 0 0 0 0      2.34360731E+03
f_58_1     0 4 0 0 0 0      6.16748567E+04
f_59_1     0 1 1 2 0 0      1.19919930E+04
f_60_1     0 1 1 1 1 0      2.51322841E+04
f_61_1     1 1 1 1 0 0     -2.23419330E+04
f_62_1     2 1 1 0 0 0      3.27104452E+04
f_63_1     0 2 1 1 0 0      3.42447214E+03
f_64_1     0 2 1 0 1 0      4.26214484E+03
f_65_1     1 2 1 0 0 0     -3.43519324E+03
f_66_1     0 3 1 0 0 0     -9.36079349E+03
f_67_1     0 5 0 0 0 0     -5.29959167E+04
f_68_1     5 0 0 0 0 0     -1.65641940E+05
f_69_1     0 0 0 5 0 0      1.84627514E+03
f_70_1     0 0 0 3 2 0      8.01004530E+03
f_71_1     0 0 0 4 1 0      5.10876417E+03
f_72_1     0 0 0 5 1 0     -1.46974222E+03
f_73_1     0 0 0 2 0 1     -7.34921461E+03
f_74_1     0 0 0 1 1 1     -5.52779764E+03
f_75_1     1 0 0 1 0 1      6.53779365E+03
f_76_1     2 0 0 0 0 1     -4.32182932E+04
f_77_1     0 1 0 1 0 1      3.43099690E+03
f_78_1     0 1 0 0 1 1      2.25819426E+02
f_79_1     1 1 0 0 0 1      3.92326105E+03
f_80_1     0 2 0 0 0 1     -1.90373486E+04
f_81_1     0 1 1 0 0 1      8.52395505E+03
f_82_1     0 0 0 3 0 1     -9.10797032E+03
f_83_1     0 0 0 2 1 1      3.62454877E+03
f_84_1     2 0 0 1 0 1      9.58530036E+03
f_85_1     3 0 0 0 0 1      4.51188614E+04
f_86_1     0 1 0 2 0 1      2.75493404E+03
f_87_1     0 1 0 1 1 1     -3.11216881E+03
f_88_1     0 3 0 0 0 1      1.17578411E+04
f_89_1     0 0 0 4 0 1     -4.82463051E+03
f_90_1     0 0 0 3 1 1     -4.13678730E+03
f_91_1     1 0 0 2 1 1      4.43668103E+03
f_92_1     0 1 0 3 0 1      1.57370638E+03
f_93_1     0 1 0 0 3 1     -5.32096922E+03
f_94_1     5 0 0 0 0 1     -2.38769370E+05
f_95_1     0 0 0 6 0 1     -7.53952724E+03
f_96_1     0 0 0 2 0 2     -1.87281470E+03
f_97_1     0 0 0 1 1 2      7.98983098E+03
f_98_1     1 0 0 1 0 2     -4.59235905E+03
f_99_1     2 0 0 0 0 2     -5.37678938E+03
f_100_1    0 1 0 1 0 2      2.34522930E+03
f_101_1    0 2 0 0 0 2     -9.10751296E+03
f_102_1    0 1 1 0 0 2      5.78901513E+03
f_103_1    0 1 0 1 1 2      6.63457997E+03
f_104_1    0 1 0 0 2 2      1.24522489E+04
f_105_1    0 0 0 2 2 2      2.06798217E+04
f_106_1    2 0 0 1 1 2     -7.38827995E+04
f_107_1    4 0 0 0 0 2      4.35622448E+04
f_108_1    0 1 0 0 3 2      3.22849268E+04
f_109_1    0 2 0 1 1 2      1.95822564E+04
f_110_1    0 0 0 5 0 2     -1.23073458E+04
